32768 1 2
32768 2 3
32768 4 3
32768 8 4
32768 16 7
32768 32 2e+39
32768 64 2e+39
32768 128 2e+39
65536 1 2
65536 2 3
65536 4 3
65536 8 5
65536 16 7
65536 32 12
65536 64 2e+39
65536 128 2e+39
131072 1 2
131072 2 3
131072 4 3
131072 8 5
131072 16 7
131072 32 12
131072 64 22
131072 128 2e+39
262144 1 3
262144 2 3
262144 4 3
262144 8 5
262144 16 7
262144 32 13
262144 64 22
262144 128 42
524288 1 4
524288 2 4
524288 4 4
524288 8 5
524288 16 8
524288 32 13
524288 64 22
524288 128 42
1048576 1 5
1048576 2 5
1048576 4 5
1048576 8 5
1048576 16 8
1048576 32 13
1048576 64 22
1048576 128 42
2097152 1 6
2097152 2 6
2097152 4 6
2097152 8 7
2097152 16 8
2097152 32 13
2097152 64 22
2097152 128 43
4194304 1 8
4194304 2 8
4194304 4 8
4194304 8 8
4194304 16 10
4194304 32 14
4194304 64 23
4194304 128 43
8388608 1 11
8388608 2 11
8388608 4 11
8388608 8 11
8388608 16 11
8388608 32 15
8388608 64 24
8388608 128 43
16777216 1 13
16777216 2 15
16777216 4 15
16777216 8 15
16777216 16 15
16777216 32 16
16777216 64 26
16777216 128 44
33554432 1 19
33554432 2 21
33554432 4 21
33554432 8 21
33554432 16 21
33554432 32 21
33554432 64 27
33554432 128 47
67108864 1 24
67108864 2 29
67108864 4 29
67108864 8 29
67108864 16 28
67108864 32 28
67108864 64 32
67108864 128 49
134217728 1 37
134217728 2 41
134217728 4 41
134217728 8 41
134217728 16 41
134217728 32 40
134217728 64 40
134217728 128 54
